fetch	temp_q1	temp_q2	temp_q3	temp_q4	sali_q1	sali_q2	sali_q3	sali_q4	dens_q1	dens_q2	dens_q3	dens_q4	DO_q1	DO_q2	DO_q3	DO_q4	N_q1	N_q2	N_q3	N_q4	P_q1	P_q2	P_q3	P_q4	Si_q1	Si_q2	Si_q3	Si_q4	pH_q1	pH_q2	pH_q3	pH_q4
11.3838893	6.27689	9.00632	19.5918	13.0114	34.0177	33.6607	33.2626	33.8131	26.7799	25.9627	23.5296	25.3425	305.392	296.529	237.775	257.398	9.60836	2.06508	0.382466	1.25026	0.684478	0.29107	0.161132	0.207719	15.6268	7.93974	9.5988	5.57667	8.114846865	8.142750104	8.093113263	8.124836604
39.21421873	6.5692	8.26831	18.9081	15.3319	33.629	33.3566	33.122	33.8067	26.4143	25.7584	23.2591	25.1381	302.337	298.169	239.201	254.592	9.10993	2.35208	0.415404	1.46255	0.705546	0.330961	0.171152	0.18989	15.9516	7.9972	9.50104	5.08327	8.07491684	8.146276792	8.088153521	8.103456815
83.42799833	6.77215	9.12489	18.481	15.1701	33.6516	33.534	33.5332	33.7974	26.4361	25.9054	24.0217	24.9811	298.692	314.64	248.023	248.986	10.0825	3.65297	0.461902	2.02515	0.983967	0.395654	0.174948	0.239018	18.5675	11.8219	8.50751	6.73625	8.074116707	8.138553301	8.086739858	8.10346667
39.14196526	7.38956	8.99561	18.4931	15.4167	33.7625	33.5351	33.5575	33.8378	26.3562	25.9672	24.0982	24.9952	293.355	317.886	252.03	246.713	10.4793	3.82435	0.507191	1.91823	1.02216	0.414373	0.174797	0.256254	17.9374	13.6305	7.82399	8.28174	8.081443469	8.138149897	8.082823435	8.107470194
12.37716553	7.38956	9.84138	19.1897	15.4167	33.7625	33.5988	33.6237	33.8572	26.3562	25.9161	23.9485	24.8888	281.457	299.092	241.467	242.24	8.97533	2.68099	0.321492	1.41761	0.840796	0.395663	0.158209	0.242237	16.0031	9.94807	8.25287	10.4413	8.092693329	8.136779785	8.079883258	8.10826683
18.05496049	8.25003	9.84138	19.1897	16.0535	33.8012	33.5192	33.6237	33.8572	26.274	25.7592	23.9485	24.8888	280.904	295.082	232.496	241.087	7.84935	2.38164	0.218854	1.35306	0.803475	0.373768	0.126269	0.21581	14.7643	9.95304	7.04986	7.84942	8.098603249	8.137046496	8.077436765	8.107206662
24.66595613	8.80126	10.5685	19.5056	16.1402	33.8077	33.5519	33.5474	33.8056	26.2207	25.5897	23.8396	24.8505	269.882	283.341	228.395	236.973	6.99878	2.15043	0.172769	1.03428	0.693217	0.350972	0.109765	0.192864	14.6067	9.12358	6.32437	8.69477	8.099093119	8.137776693	8.074456533	8.105883598
103.2852868	11.353	13.456	20.348	17.4673	34.2315	34.0743	33.5468	34.0009	26.1151	25.3923	23.5897	24.4728	249.757	259.093	223.423	228.881	4.39339	1.58637	0.187168	0.730067	0.543205	0.285816	0.0891241	0.136897	11.6753	6.16338	5.03791	6.57221	8.104183197	8.133893331	8.071229935	8.107406934
85.17921944	13.3611	14.449	20.6664	18.5333	34.3923	34.0411	33.6733	33.9666	25.8245	25.346	23.5526	24.4128	241.094	252.155	223.423	224.859	3.62484	1.37142	0.187168	0.697161	0.504689	0.265729	0.0891241	0.136998	10.748	5.50875	5.03791	6.08237	8.112726847	8.127539953	8.070866585	8.108190219
57.91937422	15.8336	17.7186	23.4226	21.1481	34.6536	34.5603	33.6837	33.9177	25.551	24.7765	22.8681	23.8308	229.443	232.552	210.885	215.43	3.28858	0.828699	0.320161	0.675624	0.323502	0.166998	0.0739628	0.130413	6.59403	4.98251	3.62714	3.76035	8.120729764	8.111893018	8.057566643	8.101453463
47.37212282	15.8336	17.7186	23.4226	21.1481	34.6536	34.2895	33.6837	33.9177	25.551	24.7869	22.8681	23.8308	230.65	234.244	212.191	215.512	3.15213	0.846526	0.30854	0.932237	0.352644	0.174084	0.0811127	0.143381	6.20144	5.51921	4.38367	4.84037	8.121056557	8.112953186	8.05870978	8.103480021
71.5756976	15.6755	19.265	24.4157	21.132	34.6695	34.5174	34.0417	34.4044	25.6217	24.7734	22.8933	23.9326	229.848	231.552	210.624	215.319	3.17365	0.790978	0.299309	0.689092	0.301188	0.163872	0.0757492	0.130647	6.68213	4.72443	4.4301	4.81444	8.122026761	8.110636711	8.056109746	8.101339976
61.25932769	15.6509	18.1054	24.3244	21.1898	34.576	32.9207	33.1095	33.7626	25.5325	23.9892	22.2839	23.7188	232.479	231.833	210.132	217.574	3.40597	0.525704	0.219474	0.694562	0.287822	0.120903	0.0557681	0.150815	7.6229	5.4474	4.60159	5.61127	8.120203336	8.112373352	8.052910169	8.100259781
63.76781556	15.6509	18.1054	24.3244	21.1898	34.576	34.4817	33.1095	33.7626	25.5325	24.6241	22.2839	23.7188	232.479	231.833	209.915	217.574	3.40597	0.525704	0.243544	0.694562	0.287822	0.120903	0.0504269	0.150815	7.6229	5.4474	4.45379	5.61127	8.119349798	8.111449877	8.052980105	8.099273364
36.12198544	17.2924	19.4931	25.7192	22.4601	34.6486	34.339	33.2731	33.972	25.2061	24.2732	21.8702	23.4571	228.613	224.992	204.625	214.2	2.341	0.411303	0.25049	0.546076	0.218344	0.105821	0.0555492	0.128446	6.11621	5.48696	4.86348	5.31668	8.125762939	8.105240186	8.049050013	8.091949781
38.46003257	18.5075	21.1105	26.2703	23.5802	34.7025	34.5086	33.8341	34.3599	24.9597	24.1179	22.2693	23.2912	222.791	219.72	203.073	210.898	1.21991	0.183435	0.221986	0.364183	0.167237	0.123259	0.0805974	0.0891506	6.19633	5.34913	4.22237	4.23862	8.12509346	8.098593394	8.048013369	8.089736621
97.55893649	3.31201	7.8105	18.1227	11.3319	34.0438	33.9544	33.8052	34.0896	27.1318	26.5309	24.5084	26.1305	320.572	310.075	245.218	278.833	11.9898	0.573734	0.801845	0.932452	0.620232	0.304797	0.221921	0.4916	15.4937	9.81461	6.57298	6.84474	8.128166517	8.136250178	8.100086848	8.135129929
74.95027311	5.61808	9.66939	19.448	13.4175	34.0486	33.5392	33.7569	33.9325	26.8568	25.6964	23.9887	25.3612	316.281	305.183	235.725	271.11	12.0386	0.91859	0.239285	1.3459	0.720724	0.254037	0.114238	0.362211	15.6172	9.53063	7.70847	5.94897	8.133506775	8.132050196	8.095919927	8.135879834
52.85460246	8.55041	11.4962	21.6973	16.3165	33.9369	33.9748	33.7561	33.6911	26.425	25.9706	23.3603	24.6345	295.724	285.819	231.427	251.835	5.71241	1.84141	0.334774	0.876089	0.548408	0.283512	0.163778	0.151718	15.931	6.19926	9.83049	3.17442	8.15391318	8.149393082	8.080756823	8.133220037
80.31554877	8.98758	11.4962	21.6973	17.2654	33.9296	33.9748	33.7561	33.6911	26.3284	25.9706	23.3603	24.6345	295.724	285.819	231.427	251.835	5.71241	1.84141	0.334774	0.876089	0.548408	0.283512	0.163778	0.151718	15.931	6.19926	9.83049	3.17442	8.154809952	8.149133364	8.078786532	8.131643613
50.59653957	9.60612	12.3991	23.3934	17.5586	33.9039	33.4298	33.5342	33.5817	26.2001	25.2979	22.7092	24.0244	291.682	267.609	225.523	242.361	4.57424	1.56963	0.250455	0.443172	0.504582	0.295868	0.130483	0.0792406	13.8889	11.2132	8.31691	3.89179	8.156103452	8.145036379	8.06882	8.128219922
92.05987984	10.0985	12.3177	23.3054	17.4443	33.7025	33.5995	33.5814	33.5533	25.9447	25.3951	22.6667	24.1985	289.276	272.547	225.765	243.113	5.43219	1.40673	0.256019	0.610156	0.560453	0.281338	0.123336	0.0992037	12.7013	9.70446	7.35308	4.56792	8.154993375	8.145756721	8.069453239	8.12744681
17.94287767	9.68579	12.3177	23.3054	19.1362	33.7673	33.5995	33.5814	33.5533	25.8183	25.3951	22.6667	24.1985	290.382	266.911	223.626	242.364	4.58426	1.06852	0.252187	0.441834	0.517708	0.269261	0.121598	0.0732344	9.74633	10.2296	6.88922	4.20262	8.154619853	8.145513217	8.069189707	8.127070109
87.26269526	9.68579	12.8269	23.961	19.1362	33.7673	33.5	33.5629	33.2715	25.8183	25.3203	22.4167	23.5436	285.44	265.787	224.027	242.191	4.37062	0.855868	0.240405	0.343133	0.514001	0.229569	0.108677	0.0884098	8.73396	6.91653	6.52773	5.50713	8.154546738	8.144323349	8.067179998	8.126476606
26.37440611	10.2074	13.0613	23.8427	18.7954	33.7583	33.8358	33.6812	33.3176	25.9784	25.5683	22.7101	23.9034	285.44	265.787	224.027	242.191	4.37062	0.855868	0.240405	0.343133	0.514001	0.229569	0.108677	0.0884098	8.73396	6.91653	6.52773	5.50713	8.155009905	8.143069903	8.064893087	8.125199636
25.39308017	10.4093	13.5476	23.6148	17.9684	33.9433	33.8768	33.6281	33.4583	26.1112	25.4216	22.7168	23.9573	282.174	262.691	221.465	241.069	4.25028	0.532463	0.217976	0.48875	0.463591	0.165155	0.0797354	0.0719478	8.89402	4.27999	5.2345	5.59364	8.155709902	8.145723343	8.069900195	8.126383146
57.32375894	9.72799	12.8269	23.961	18.7877	33.7464	33.5561	33.6291	33.2715	25.9781	25.2821	22.5686	23.5436	285.44	265.787	223.791	242.191	4.37062	0.855868	0.211402	0.343133	0.514001	0.229569	0.0973003	0.0884098	8.73396	6.91653	5.94811	5.50713	8.154763222	8.143593152	8.065649986	8.125566483
92.61623545	11.4671	15.4437	24.407	19.296	33.9673	34.2758	33.2242	33.4704	25.9224	25.3373	21.9674	23.7675	269.808	260.342	217.335	233.743	4.32621	0.257121	0.203793	0.865723	0.392883	0.12581	0.0748607	0.0774042	8.78934	4.02403	4.84942	4.05511	8.145469983	8.135013262	8.077786764	8.122846921
79.29509963	12.2053	16.107	23.8962	19.237	34.3722	34.4596	33.3228	33.7217	25.9956	25.2801	22.5317	24.2694	267.061	250.964	220.228	225.471	3.80014	0.31732	0.188799	0.295704	0.356252	0.206063	0.0941348	0.0497314	9.33226	3.80986	8.24795	9.82994	8.144319852	8.135696729	8.088949839	8.116939863
46.40372077	14.2278	17.3016	24.9073	20.6452	34.5751	34.5153	33.1744	34.0557	25.8554	25.1422	21.9337	23.8573	248.727	248.404	211.029	222.903	4.91689	1.82127	0.72426	1.33799	0.283197	0.198528	0.0853472	0.19019	13.7306	11.7795	10.5835	8.5977	8.137896856	8.129056613	8.07502683	8.100373268
19.23077939	15.4577	19.1673	26.2046	21.3986	34.6045	34.5105	33.2731	34.2202	25.5846	24.7554	21.7367	23.6183	240.917	229.084	211.544	213.219	2.5381	1.69431	0.252968	0.471315	0.257806	0.175603	0.084854	0.138113	7.9122	9.02068	10.0515	7.48556	8.142716726	8.131119728	8.049996694	8.102083206